0.0 1.0 0.5 2.0 0.5
0.1606425702811245 1.09743592558 0.709467366454 2.05612506421 0.202357119171
0.321285140562249 1.22612344042 0.885113949465 2.06676134169 -0.0627865688178
0.4819277108433735 1.37883834962 1.00546014471 2.0387224612 -0.276386278862
0.642570281124498 1.5453494095 1.05483352709 1.98146151666 -0.424865804714
0.8032128514056225 1.71347338199 1.02477898921 1.90609124678 -0.501276603827
0.963855421686747 1.87029955514 0.914736358594 1.82427029258 -0.505788504165
1.1244979919678715 2.00345797022 0.731939771728 1.74706912434 -0.445483127823
1.285140562248996 2.10231529051 0.49056393617 1.68391879206 -0.333483315493
1.4457831325301205 2.15897585985 0.210214851247 1.64174961944 -0.187516918723
1.606425702811245 2.16899875081 -0.086068795539 1.62439552885 -0.028071354507
1.7670682730923695 2.13176714 -0.374102150868 1.63231599344 0.123675753244
1.927710843373494 2.05048390229 -0.630900379333 1.66265337689 0.247944131038
2.0883534136546187 1.931800012 -0.83685600052 1.70961418952 0.328253749629
2.248995983935743 1.7851211261 -0.977541565525 1.76512866412 0.352964037904
2.4096385542168677 1.62166585473 -1.04497049363 1.81971885833 0.316307448172
2.570281124497992 1.4533730853 -1.03820680927 1.86348557735 0.218829219793
2.7309236947791167 1.29176662738 -0.963282236267 1.88711632898 0.0672065126895
2.891566265060241 1.14688809005 -0.832438450028 1.88281561472 -0.126526822657
3.0522088353413657 1.02640041297 -0.662791282224 1.84506839323 -0.346254030045
3.21285140562249 0.93494121779 -0.474554859543 1.77116935116 -0.573417483228
3.3734939759036147 0.873788127737 -0.289004810457 1.66146684396 -0.788863620642
3.534136546184739 0.840855641211 -0.126390913421 1.5193091877 -0.97470161077
3.6947791164658637 0.831019227222 -0.00399566859002 1.35070202427 -1.11600119174
3.855421686746988 0.836727481557 0.0654714367148 1.1637164563 -1.20216437957
4.016064257028113 0.848833433741 0.0750007826534 0.967713098757 -1.22785001759
4.176706827309237 0.857562658443 0.0238307899486 0.772458141732 -1.19337003326
4.337349397590361 0.853519631156 -0.0826230826644 0.587220556957 -1.1045306068
4.497991967871486 0.828633876777 -0.233436809942 0.419937954907 -0.971946835312
4.658634538152611 0.776955799016 -0.413364681633 0.276529733673 -0.809909765564
4.819277108433735 0.695228218264 -0.604418809511 0.160420583242 -0.634924761852
4.979919678714859 0.583183796788 -0.787678850295 0.0723149149436 -0.464070522532
5.140562248995984 0.44354422003 -0.945151713895 0.0102393805827 -0.313341515402
5.301204819277109 0.28173003363 -1.06149965818 -0.0301589228961 -0.196134719664
5.461847389558233 0.105313843714 -1.12547290028 -0.0550918159685 -0.122023537827
5.622489959839357 -0.0767234248411 -1.13091510022 -0.0719435591046 -0.0959305103144
5.783132530120482 -0.25485752245 -1.07725353797 -0.0884883611183 -0.117770257434
5.943775100401607 -0.419920293564 -0.969438783844 -0.112090358062 -0.182585849909
6.104417670682731 -0.56394608909 -0.817351310163 -0.148963795353 -0.2811548691
6.265060240963855 -0.680884531096 -0.634746651457 -0.203563747956 -0.400993827239
6.42570281124498 -0.767113845424 -0.437849374036 -0.278163481133 -0.527656591739
6.586345381526105 -0.821709774851 -0.243740720641 -0.372655114361 -0.646193595098
6.746987951807229 -0.846449507075 -0.0687015514555 -0.484588005989 -0.742625984333
6.907630522088353 -0.84555664269 0.0733297515173 -0.609435552379 -0.805293100938
7.068273092369478 -0.825217890798 0.172036356897 -0.741059332334 -0.825944334435
7.228915662650603 -0.792923183874 0.221623096266 -0.872321539163 -0.800476969984
7.389558232931727 -0.75669741482 0.221257754204 -0.995782768022 -0.729255325342
7.550200803212851 -0.724300531567 0.17502218224 -1.10441579013 -0.616990469889
7.710843373493976 -0.702474110427 0.0913891236825 -1.19226586754 -0.472202015942
7.871485943775101 -0.696306342348 -0.0177131095568 -1.2549948311 -0.306324081098
8.032128514056225 -0.708773452426 -0.138150047458 -1.29025946476 -0.132548196442
8.19277108433735 -0.740499270265 -0.255013364434 -1.29789013318 0.0354760834555
8.353413654618475 -0.789749612583 -0.354095882527 -1.27985820822 0.18495646316
8.514056224899598 -0.852657387684 -0.423263913186 -1.24003953432 0.305160014549
8.674698795180722 -0.923651321404 -0.453597733613 -1.18380134567 0.388389597589
8.835341365461847 -0.996041567425 -0.440193799723 -1.11745704811 0.430644231294
8.995983935742972 -1.06270262102 -0.382559260766 -1.04764385058 0.431907177003
9.156626506024097 -1.11678417012 -0.284570494624 -0.980685973037 0.396043061817
9.317269076305221 -1.15238111504 -0.154009129387 -0.922004596096 0.330322489763
9.477911646586346 -1.16509850824 -0.00172991194362 -0.87563067404 0.244628581728
9.63855421686747 -1.15245896717 0.159450298562 -0.84386532402 0.150429870766
9.799196787148594 -1.11411690458 0.316028772547 -0.827116894005 0.0596240974934
9.959839357429718 -1.05186269208 0.455130946356 -0.823926691309 -0.0166320227986
10.120481927710843 -0.969421277425 0.565734628196 -0.83117621002 -0.0689938347568
10.281124497991968 -0.872069607668 0.639687149684 -0.844451225282 -0.0907984772738
10.441767068273093 -0.766113466949 0.672422880342 -0.858524187294 -0.0786546844358
10.602409638554217 -0.658277641293 0.663318097675 -0.867905184442 -0.0327016058807
10.763052208835342 -0.555070151644 0.615656830725 -0.867406536616 0.0434811449667
10.923694779116467 -0.462182725722 0.536220239243 -0.85266575839 0.143295192817
11.08433734939759 -0.383984406476 0.434548149627 -0.820577230755 0.257828215656
11.244979919678714 -0.32315500069 0.321951384577 -0.769592770821 0.3767674647
11.405622489959839 -0.280490560799 0.210375863483 -0.699864809939 0.489429050028
11.566265060240964 -0.254895694623 0.111232497226 -0.613221765458 0.585800068975
11.726907630522089 -0.243558918826 0.0343062531587 -0.512981785006 0.65749297622
11.887550200803213 -0.242289867059 -0.0131516780997 -0.403626370438 0.698521639301
12.048192771084338 -0.245981782322 -0.0270648787159 -0.29036864359 0.705827952696
12.208835341365463 -0.249151678419 -0.00685031521585 -0.178660197455 0.67951402234
12.369477911646586 -0.246503985718 0.0446091309294 -0.0736855671144 0.622763912671
12.53012048192771 -0.233462436398 0.121327524084 0.0201065426512 0.541469668719
12.690763052208835 -0.206619426425 0.214871130526 0.0993909375508 0.443604673739
12.85140562248996 -0.164061163677 0.31523617985 0.16223695819 0.338410499911
13.012048192771084 -0.105539954519 0.411858893572 0.208239446786 0.235480304813
13.17269076305221 -0.0324799694576 0.494657156323 0.23849990975 0.143829667818
13.333333333333334 0.0521795569625 0.555001707324 0.255463916839 0.0710454402721
13.493975903614459 0.144285393291 0.586525257233 0.262633341968 0.0225924612613
13.654618473895582 0.238883259261 0.585694368899 0.26418424396 0.00134203405018
13.815261044176706 0.330699991917 0.55209442245 0.264529748231 0.00736240134763
13.975903614457831 0.414646841898 0.488406448359 0.267871442355 0.0379856015479
14.136546184738956 0.486294702685 0.400085180123 0.27778304048 0.0881377630454
14.29718875502008 0.542276042553 0.294776339904 0.296865821974 0.150894742832
14.457831325301205 0.580576203575 0.181535260583 0.326507700514 0.218204304677
14.61847389558233 0.60068869858 0.0699272437721 0.366766633154 0.281700863056
14.779116465863455 0.603622232284 -0.0309009469778 0.416387150087 0.333532034445
14.939759036144578 0.591762457512 -0.113087692035 0.472945088465 0.367116455833
15.100401606425702 0.568605047966 -0.170778845832 0.533103687169 0.377761076668
15.261044176706827 0.538388998892 -0.200639553167 0.59295357308 0.363081657699
15.421686746987952 0.505667698274 -0.202110900958 0.648401983148 0.323190244099
15.582329317269076 0.474860734115 -0.177391716478 0.69557233142 0.260636117708
15.742971887550201 0.449830226419 -0.131155047661 0.731175213419 0.18011283434
15.903614457831326 0.433522161931 -0.0700301705083 0.75281542172 0.0879626176387
16.06425702811245 0.427706003083 -0.00191012501623 0.759206709437 -0.00846533364936
16.224899598393574 0.43283493803 0.064848967602 0.750275936788 -0.101541524077
16.3855421686747 0.448038057281 0.12225373702 0.727148560336 -0.184092791779
16.546184738955823 0.471241853506 0.16344532777 0.692019745299 -0.250078590908
16.70682730923695 0.499406353859 0.183343117855 0.647926060055 -0.295142428533
16.867469879518072 0.528850236405 0.179101467488 0.59844213919 -0.316988392107
17.028112449799195 0.555631529862 0.1503389519 0.547333180981 -0.315549797705
17.188755020080322 0.575945649181 0.0991243508679 0.498197869444 -0.292939546162
17.349397590361445 0.586501691458 0.0297233514121 0.454136567185 -0.253189379584
17.51004016064257 0.584840985235 -0.0518592418068 0.417476126113 -0.201812406006
17.670682730923694 0.569568630327 -0.138497373067 0.389576395315 -0.14523119175
17.83132530120482 0.540477210209 -0.222655821819 0.370735430277 -0.0901320241886
17.991967871485944 0.498553246693 -0.297126132243 0.360200114622 -0.0428089016549
18.152610441767067 0.445868337999 -0.35571448157 0.356278701539 -0.00856110069505
18.313253012048193 0.385368121876 -0.393816041735 0.356541926676 0.00879863267153
18.473895582329316 0.320581755985 -0.408822931143 0.358091113372 0.00728028654363
18.634538152610443 0.255281711882 -0.400330116864 0.357865763343 -0.0131317594287
18.795180722891565 0.19312790514 -0.370123848192 0.352959843779 -0.050522160632
18.955823293172692 0.137330905381 -0.321958766899 0.340915866175 -0.10127438531
19.116465863453815 0.0903662403482 -0.261150217346 0.319968792616 -0.160460220929
19.27710843373494 0.0537662118492 -0.194025187417 0.289217223477 -0.222347855616
19.437751004016064 0.0280076259601 -0.127288354955 0.248706806504 -0.280976518716
19.598393574297187 0.0125038892487 -0.0673665962971 0.199419872044 -0.330740470714
19.759036144578314 0.00569986259856 -0.0197956657488 0.143174301755 -0.366925763927
19.919678714859437 0.00525799048805 0.0112922011834 0.0824433435801 -0.386148535974
20.080321285140563 0.00831513779517 0.0235331699128 0.0201159093638 -0.386655281612
20.240963855421686 0.0117841435504 0.0165167152719 -0.0407786072579 -0.36845864206
20.401606425702813 0.0126695174046 -0.00822295341431 -0.0973533234084 -0.333299555766
20.562248995983936 0.00836644035243 -0.0474037035364 -0.147127225258 -0.284443342312
20.72289156626506 -0.00308551428445 -0.0963571334163 -0.18824390904 -0.226333238529
20.883534136546185 -0.0228174844856 -0.149516283198 -0.219625605463 -0.164138140118
21.044176706827308 -0.0510315987804 -0.200979286573 -0.24104909845 -0.103240715337
21.204819277108435 -0.0869941575884 -0.245092652271 -0.253138012487 -0.0487167641422
21.365461847389557 -0.129120234807 -0.276997297251 -0.257274189871 -0.00485633624718
21.526104417670684 -0.175139492418 -0.293085323017 -0.255438560845 0.0252280342014
21.686746987951807 -0.222325319976 -0.291325220324 -0.249998539074 0.0398699734276
21.847389558232933 -0.267763583772 -0.271427281162 -0.243463839097 0.0389718860718
22.008032128514056 -0.30863421565 -0.234836637282 -0.238234959542 0.0239728549955
22.16867469879518 -0.342477983031 -0.184558651388 -0.236368945891 -0.00233137350426
22.329317269076306 -0.367423073403 -0.124837422413 -0.239384604177 -0.0360954508396
22.48995983935743 -0.382350510991 -0.0607213781622 -0.248125092844 -0.0728263117479
22.650602409638555 -0.386983537643 0.00243855534506 -0.262690071587 -0.107837982578
22.811244979919678 -0.381894384894 0.05950896064 -0.282442077386 -0.136714841227
22.971887550200805 -0.368429411285 0.106060910561 -0.30608500316 -0.15573782777
23.132530120481928 -0.348561905643 0.138777933695 -0.331805238305 -0.162233525184
23.29317269076305 -0.324688166503 0.155746931284 -0.357460584739 -0.154813709865
23.453815261044177 -0.299388149599 0.15660694368 -0.380797300618 -0.133485019188
23.6144578313253 -0.275174331424 0.142544432879 -0.399673855175 -0.0996208654779
23.775100401606426 -0.254253752004 0.116138817638 -0.412269173004 -0.0558012687095
23.93574297188755 -0.238325486643 0.0810777764592 -0.417255959423 -0.00554007620778
24.096385542168676 -0.228432517799 0.0417713828403 -0.413922864066 0.0470727666526
24.2570281124498 -0.224881029913 0.00290568536244 -0.402234842086 0.0977765063199
24.417670682730925 -0.227233311965 -0.031019991987 -0.382827275528 0.142552423399
24.57831325301205 -0.234373277659 -0.0561268331086 -0.356935854838 0.178004073457
24.73895582329317 -0.244636506503 -0.0695200151111 -0.326270480405 0.201668836701
24.899598393574298 -0.255990861039 -0.06954860438 -0.292846473763 0.212232440675
25.06024096385542 -0.266248642105 -0.0559383754363 -0.258790701088 0.209627328436
25.220883534136547 -0.273289352396 -0.0297885617358 -0.226141546525 0.195008832075
25.38152610441767 -0.275271147039 0.00656444225506 -0.196662264659 0.170613899777
25.542168674698797 -0.270810569498 0.049800597558 -0.171685567997 0.139518389994
25.70281124497992 -0.259114034656 0.0959590479512 -0.152003554491 0.10531933876
25.863453815261042 -0.240049302029 0.140835584893 -0.137812639353 0.0717741817301
26.02409638554217 -0.214151400771 0.180394649321 -0.128717462194 0.0424331620032
26.184738955823292 -0.182563876924 0.211155945194 -0.123792014871 0.020300396538
26.34538152610442 -0.146922519877 0.230518521205 -0.121690683174 0.00755600676762
26.50602409638554 -0.109194066587 0.236992773436 -0.120797306121 0.00536445287489
26.666666666666668 -0.0714864836704 0.230319821846 -0.119396910525 0.0137858114985
26.82730923694779 -0.0358498146731 0.211469171458 -0.11585292531 0.0317963092308
26.987951807228917 -0.00408703537577 0.182517877401 -0.108772574791 0.057413420958
27.14859437751004 0.0224070424164 0.146425497272 -0.0971446753841 0.0879111211603
27.309236947791163 0.0427639112692 0.106729026883 -0.0804371045268 0.120102343332
27.46987951807229 0.0567061375538 0.0671891149435 -0.0586454008448 0.15065980254
27.630522088353413 0.0645537358587 0.0314229439956 -0.0322888747166 0.17644319868
27.79116465863454 0.0671729034706 0.00255953536455 -0.00235578400062 0.194801030878
27.951807228915662 0.0658734142972 -0.0170496415449 0.0297959843817 0.203818336451
28.11244979919679 0.0622658159001 -0.026038043295 0.0625721070402 0.202487615413
28.27309236947791 0.058093170972 -0.0241312813084 0.0942952654908 0.190788183182
28.433734939759034 0.0550542499544 -0.0121461197928 0.12336352186 0.169668340491
28.59437751004016 0.0546354420898 0.00811615067997 0.148398254895 0.140934304893
28.755020080321284 0.0579675105127 0.0340692728787 0.168367550837 0.107058721183
28.91566265060241 0.0657204952039 0.0626129792038 0.182673684017 0.0709291800409
29.076305220883533 0.0780459697647 0.0904474995913 0.191197140868 0.0355624067659
29.23694779116466 0.0945713298857 0.114400265816 0.194293775618 0.00381248261397
29.397590361445783 0.114445346616 0.131732761336 0.192746571337 -0.021898430753
29.55823293172691 0.13642943784 0.14039830758 0.187677683542 -0.0398013726754
29.718875502008032 0.159024743983 0.139227076813 0.180430213458 -0.048933687034
29.879518072289155 0.180621973526 0.128021903828 0.172431769094 -0.0492105419961
30.04016064257028 0.199658896704 0.107557807735 0.165053509369 -0.0414099725723
30.200803212851405 0.214770133205 0.0794873959514 0.159478347081 -0.0270748212261
30.36144578313253 0.224914874401 0.046163444444 0.156590873372 -0.00834298155066
30.522088353413654 0.229470687099 0.0103977414871 0.156899134312 0.0122759454322
30.68273092369478 0.228285102391 -0.0248190453725 0.160495071201 0.03215475539
30.843373493975903 0.2216809109 -0.0566085172217 0.167056586904 0.0488082227239
31.004016064257026 0.210415727681 -0.0824781814817 0.175890036748 0.0601328123822
31.164658634538153 0.195600767359 -0.100551604641 0.186008091536 0.0646038552763
31.325301204819276 0.178587638315 -0.109733906815 0.196234580057 0.0614121601217
31.485943775100402 0.160834721491 -0.109797858808 0.205325611602 0.050528022735
31.646586345381525 0.143766626107 -0.101384105743 0.212094759612 0.0326881331221
31.80722891566265 0.128640314524 -0.0859180666606 0.21553021982 0.00930892694833
31.967871485943775 0.116430949563 -0.06545160168 0.214892473818 -0.0176651868797
32.1285140562249 0.107747744028 -0.0424497769157 0.209783770135 -0.0459596540275
32.28915662650602 0.102787316635 -0.0195411284302 0.200183167544 -0.0731965664003
32.44979919678715 0.101328229061 0.00074099880244 0.18644453663 -0.0971255170241
32.610441767068274 0.102766313663 0.0162030425145 0.169258432641 -0.115838078538
32.7710843373494 0.106186352281 0.0251956499932 0.149582457696 -0.127943084874
32.93172690763052 0.110462235458 0.0267617594599 0.128547543643 -0.13268904697
33.092369477911646 0.114375385221 0.0207136505971 0.107349656159 -0.130021585233
33.25301204819277 0.116739427338 0.00763378248163 0.087137789856 -0.120572393383
33.4136546184739 0.11651894273 -0.0111991079785 0.068909101497 -0.105582189082
33.57429718875502 0.112930887122 -0.0339497167321 0.0534211661467 -0.0867666762375
33.734939759036145 0.105519238643 -0.0584164969126 0.0411294256135 -0.0661399379737
33.89558232931727 0.0941963703833 -0.0822537270554 0.0321551803417 -0.0458126749165
34.05622489959839 0.0792475516846 -0.103201827965 0.0262867676426 -0.027786550573
34.21686746987952 0.0612994242554 -0.119304770354 0.0230126490739 -0.0137634056051
34.377510040160644 0.0412559152232 -0.12909303417 0.021582786255 -0.00498819771989
34.53815261044177 0.020208698537 -0.131715340679 0.0210915360288 -0.00213994176481
34.69879518072289 -0.000668527393096 -0.127007761883 0.0205735006179 -0.0052799282898
34.859437751004016 -0.0202314689124 -0.115494842222 0.019102835459 -0.0138610151767
35.02008032128514 -0.037471433866 -0.0983240803022 0.0158862686116 -0.0267957658507
35.18072289156626 -0.0516061306988 -0.0771418185789 0.0103409420695 -0.0425753137623
35.34136546184739 -0.0621467024758 -0.0539237857048 0.00214992013948 -0.0594263739241
35.502008032128515 -0.0689350243843 -0.0307776553983 -0.00870954688876 -0.0754903791953
35.66265060240964 -0.072148360419 -0.00973747776698 -0.021967112365 -0.0890067878516
35.82329317269076 -0.0722716901117 0.00743000659261 -0.0370890066107 -0.0984827734033
35.98393574297189 -0.0700411290323 0.019388702199 -0.053332779384 -0.102833173806
36.144578313253014 -0.0663645941873 0.0253510385863 -0.0698212411876 -0.101477827269
36.30522088353413 -0.0622278997818 0.0251400511815 -0.0856280314091 -0.0943878535041
36.46586345381526 -0.0585957373354 0.0191909329702 -0.0998662451532 -0.0820775568571
36.626506024096386 -0.0563172118345 0.00849331553763 -0.111771503162 -0.0655439811416
36.78714859437751 -0.0560449783524 -0.00551878736392 -0.120771549499 -0.0461611402514
36.94779116465863 -0.0581754906776 -0.0211175116767 -0.1265359533 -0.0255401937957
37.10843373493976 -0.0628157017926 -0.036456654286 -0.129001521787 -0.00536986908756
37.269076305220885 -0.0697787382129 -0.0497545493023 -0.128371603233 0.0127469475286
37.429718875502004 -0.0786083880383 -0.0594665302427 -0.125089860558 0.0274446321899
37.59036144578313 -0.0886293125311 -0.0644304455549 -0.119791685379 0.0377198253588
37.75100401606426 -0.0990175658342 -0.0639718250152 -0.113238424379 0.0430185872326
37.911646586345384 -0.108884102798 -0.0579593562062 -0.106241193029 0.0432780757842
38.0722891566265 -0.117362871071 -0.0468065010525 -0.0995818937643 0.0389198229005
38.23293172690763 -0.123694911928 -0.0314203174165 -0.0939390807386 0.0307963620436
38.393574297188756 -0.127300346965 -0.013103622249 -0.0898257840928 0.0200974345488
38.55421686746988 -0.127831583151 0.00657890120847 -0.0875449959113 0.00822584203124
38.714859437751 -0.125203008218 0.0259570055862 -0.0871667112896 -0.00334445898983
38.87550200803213 -0.119594962018 0.04341786019 -0.0885281196357 -0.0132138041179
39.036144578313255 -0.111431779408 0.057559860183 -0.0912567410984 -0.0201916761406
39.196787148594375 -0.101337094876 0.0673224589419 -0.0948132942089 -0.0234080835078
39.3574297188755 -0.0900709363728 0.0720801567128 -0.0985499569838 -0.0223913200426
39.51807228915663 -0.078455225567 0.0716923050188 -0.101777902252 -0.0171052999099
39.678714859437754 -0.0672950821167 0.0665049702956 -0.103837402722 -0.00794381725063
39.83935742971887 -0.0573036648858 0.0573057100216 -0.10416361471 0.00431678368057
40.0 -0.0490377229311 0.045236756115 -0.102341764176 0.0186009614185
